0.026567448540741473,-1.918465458596826,-49.614407461361324,93.46694934559687,101.46238923693426,-60.064935754463505,-49.61239092069363,0.5793442056713082,35.0,39.0,,,<dataset.dataset_QSNMC.QSNMCDataset object at 0x0000015DBF711E08>,[0.        0.        0.        ... 2.0715878 2.290491  1.9974891],0.0001,"[ 5.07    5.1928  5.3179  5.4426  5.5675  5.6922  5.8169  5.9419  6.0667
  6.1914  6.3164  6.4411  6.5657  6.6906  6.8151  6.9396  9.0378  9.0755
  9.1391  9.1885  9.2448  9.2973  9.3518  9.4055  9.4595  9.5137  9.5677
  9.6213  9.6754  9.7293  9.7832  9.837   9.8913  9.9449  9.9992 10.0528
 10.1068 10.1609 10.2148 10.2689 10.3225 10.3769 10.4304 10.4846 10.5382
 10.5924 10.6464 10.7    10.7541 10.8078 10.8617 10.9157 10.9697 13.0274
 13.0517 13.0891 13.126  13.1632 13.2001 13.2371 13.2742 13.3113 13.3483
 13.3854 13.4224 13.4594 13.4964 13.5334 13.5704 13.6075 13.6445 13.6815
 13.7186 13.7556 13.7927 13.8297 13.8667 13.9038 13.9408 13.9779 14.015
 14.052  14.0891 14.1261 14.1632 14.2001 14.2373 14.2744 14.3114 14.3484
 14.3855 14.4226 14.4597 14.4967 14.5337 14.5708 14.6079 14.6449 14.682
 14.7191 14.7561 14.7931 14.8302 14.8672 14.9043 14.9414 14.9783 17.5356
 17.5819 17.6867 17.748  17.8269 17.9037 17.9727 18.1777 18.3826 18.5936
 18.8301 18.9727 19.0929 19.2069 19.3303 19.4637 19.634  19.7693 19.8195
 19.9425 20.0549 20.1251 20.1902 20.2846 20.3481 20.4034 20.4718 20.5245
 20.5862 20.7047 20.7609 20.8897 20.9336 21.0317 21.1381 21.2591 21.3986
 21.5064 21.5834 21.6626 21.7073 21.7837 21.8305 21.9774 22.0776 22.1724
 22.2817 22.3588 22.4495 22.4986 22.5628 22.6377 22.6754 22.7781 22.8727
 22.9274 23.0073 23.0707 23.1479 23.2401 23.2991 23.361  23.423  23.4778
 23.5657 23.6637 23.7508 23.8186 23.8982 23.9309 24.0115 24.0591 24.1529
 24.2197 24.2559 24.3574 24.4066 24.4819 24.5399 24.585  24.645  24.7047
 24.8227 24.9115 24.9967 25.0981 25.1745 25.237  25.2866 25.3982 25.461
 25.8724 26.2474 26.2961 26.3608 26.403  26.4802 26.5265 26.6067 26.6503
 26.7274 26.7723 26.8612 26.9066 26.9715 27.0211 27.7012 27.7656 27.8427
 27.9073 27.9681 28.0639 28.139  28.1756 28.2671 28.3296 28.3833 28.4371
 28.5377 28.6962 28.8138 28.9788 29.2168 29.3746 29.4918 29.5834 29.6897
 29.8137 29.9593 30.2053 30.3849 30.8655 31.0015 31.1514 31.7136 31.839
 32.0015 32.102  32.1535 32.2524 32.3012 32.4067 32.4956 32.576  32.6368
 32.7222 32.8133 32.8927 32.9833 33.4832 33.5478 33.616  33.6571 33.7425
 33.8029 33.868  33.9798 34.0794 34.2036 34.7556 35.0922 35.2266 35.3053
 35.4369 35.5497 35.5876 35.6801 35.7597 35.8536 35.9333 35.995  36.0896
 36.1642 36.2571 36.3327 36.5579 36.6734 36.7512 36.8519 36.8952 37.0076
 37.0899 37.1497 37.2379 37.3113 37.4079 37.4564 37.5575 37.6013 37.6636
 38.0222 38.1467 38.1912 38.299  38.4202 38.5317 38.6268 38.744  38.9416]",0.9933026981006878
