0.017457500486296542,0.3987484377283693,-20.697280293943237,0.05693283169609355,0.04,5,140,30.0,39.0,,,<dataset.dataset_QSNMC.QSNMCDataset object at 0x000001280A65CA08>,[  0.        0.        0.      ... 207.15878 229.0491  199.74891],0.0001,"[ 5.225   5.3291  5.4332  5.5373  5.6415  5.7457  5.8499  5.9541  6.0584
  6.1626  6.2669  6.3712  6.4755  6.5799  6.6843  6.7887  6.8931  6.9976
  7.3018  7.6088  7.9162  8.2241  8.5324  8.8411  9.038   9.1024  9.1667
  9.231   9.2953  9.3596  9.424   9.4884  9.5528  9.6172  9.6816  9.746
  9.8104  9.8748  9.9392 10.0036 10.0681 10.1325 10.1969 10.2613 10.3258
 10.3903 10.4548 10.5193 10.5838 10.6483 10.7128 10.7773 10.8418 10.9063
 10.9708 11.1369 11.4524 11.7683 12.0846 12.4013 12.7184 13.0084 13.0551
 13.1018 13.1485 13.1952 13.2419 13.2886 13.3353 13.382  13.4287 13.4754
 13.5221 13.5688 13.6155 13.6623 13.709  13.7557 13.8024 13.8491 13.8958
 13.9425 13.9892 14.036  14.0828 14.1296 14.1764 14.2232 14.27   14.3168
 14.3636 14.4104 14.4572 14.504  14.5508 14.5976 14.6444 14.6912 14.738
 14.7848 14.8316 14.8784 14.9252 14.972  15.0914 15.4172 15.7415 16.077
 16.3857 16.7091 17.0517 17.3362 17.5397 17.6194 17.7045 17.7841 17.8596
 17.9443 18.0923 18.2208 18.3607 18.5338 18.6801 18.8295 18.95   19.0573
 19.156  19.2606 19.3767 19.489  19.6187 19.7368 19.8301 19.9264 20.0281
 20.1165 20.2034 20.2864 20.3622 20.4351 20.5078 20.5768 20.6834 20.7593
 20.8584 20.939  21.0245 21.124  21.2299 21.3516 21.4704 21.5555 21.642
 21.7122 21.789  21.8791 21.9825 22.0889 22.1786 22.2793 22.3605 22.4493
 22.5239 22.5976 22.6631 22.7478 22.8326 22.9112 22.9868 23.0707 23.1498
 23.2399 23.3169 23.3922 23.4713 23.5521 23.6414 23.7347 23.8158 23.8956
 23.9569 24.0296 24.1082 24.1879 24.2609 24.3408 24.4171 24.4957 24.5679
 24.6396 24.7219 24.8166 24.9107 25.0006 25.0937 25.1804 25.2578 25.3371
 25.4221 25.5602 25.7526 25.9506 26.179  26.2733 26.3437 26.4156 26.4865
 26.5556 26.6281 26.6985 26.7635 26.8435 26.9129 26.9817 27.0992 27.3681
 27.6032 27.7236 27.8073 27.8896 27.9683 28.0576 28.1437 28.2163 28.2917
 28.3631 28.4284 28.5135 28.6338 28.754  28.8551 28.9986 29.1643 29.3222
 29.4284 29.5304 29.6258 29.7421 29.8476 29.9575 30.1131 30.2641 30.4052
 30.615  30.8294 30.937  31.0642 31.1864 31.3852 31.6126 31.7543 31.8643
 31.9895 32.0878 32.1722 32.2526 32.3374 32.4242 32.5056 32.5938 32.6767
 32.7653 32.854  32.9451 33.2312 33.4618 33.5396 33.6196 33.6834 33.7565
 33.8294 33.9233 34.0161 34.1334 34.2349 34.5017 34.7347 34.9439 35.0995
 35.2137 35.3036 35.4104 35.5206 35.5975 35.6764 35.7618 35.8526 35.9379
 36.0233 36.1044 36.1929 36.2828 36.399  36.5469 36.6752 36.7718 36.8585
 36.9507 37.0325 37.1124 37.1976 37.2706 37.3646 37.4437 37.5295 37.608
 37.6797 37.9313 38.0567 38.1572 38.251  38.3499 38.4452 38.5474 38.6459
 38.7417 38.8653]",0.979381864699728
