0.3561797114051607,0.11012575090503063,-55.08398769607808,203.8469579583962,175.63273395728905,-56.32391048989385,-47.89525530894724,0.912037846721975,0.981257445437332,-0.05078280200594868,0.0,35.0,39.0,,,<dataset.dataset_QSNMC.QSNMCDataset object at 0x0000018FC6DD1E48>,[0.        0.        0.        ... 2.0715878 2.290491  1.9974891],0.0001,"[ 5.1179  5.2249  5.3318  5.4387  5.5457  5.6528  5.7598  5.8668  5.9738
  6.0812  6.1882  6.2952  6.4022  6.5091  6.6161  6.723   6.83    6.9372
  9.0559  9.1077  9.1595  9.2113  9.2631  9.315   9.3669  9.4187  9.4705
  9.5223  9.5741  9.6259  9.6778  9.7297  9.7815  9.8334  9.8852  9.937
  9.9888 10.0407 10.0926 10.1444 10.1962 10.248  10.2999 10.3517 10.4035
 10.4554 10.5071 10.5589 10.6108 10.6627 10.7145 10.7663 10.8181 10.8699
 10.9218 10.9736 13.0398 13.0774 13.1151 13.1527 13.1903 13.228  13.2656
 13.3033 13.3409 13.3785 13.4162 13.4538 13.4915 13.5291 13.5667 13.6044
 13.642  13.6796 13.7173 13.7549 13.7926 13.8302 13.8679 13.9055 13.9431
 13.9808 14.0184 14.0561 14.0937 14.1313 14.169  14.2066 14.2442 14.2819
 14.3195 14.3572 14.3948 14.4324 14.4701 14.5077 14.5454 14.583  14.6206
 14.6583 14.6959 14.7336 14.7712 14.8089 14.8465 14.8842 14.9218 14.9594
 14.9971 17.5575 17.6204 17.6946 17.7632 17.8263 17.8911 17.9562 18.2384
 18.7723 18.9561 19.0658 19.1661 19.2741 19.4125 19.5802 19.7184 19.8116
 19.9049 20.0027 20.0863 20.155  20.2574 20.307  20.3651 20.425  20.4837
 20.544  20.6086 20.7059 20.7685 20.8568 20.9273 20.9906 21.0795 21.182
 21.308  21.4329 21.511  21.5835 21.653  21.7104 21.7711 21.8272 21.9323
 22.0245 22.1363 22.2181 22.3188 22.3728 22.4564 22.5206 22.5745 22.6334
 22.684  22.7565 22.8298 22.8914 22.9534 23.0225 23.0904 23.1527 23.2292
 23.2946 23.3512 23.4145 23.4743 23.5456 23.6177 23.7017 23.7818 23.8442
 23.9068 23.9565 24.0117 24.0685 24.1326 24.1978 24.2596 24.3175 24.3859
 24.442  24.5072 24.5654 24.6224 24.6787 24.7672 24.8437 24.9194 25.0013
 25.0858 25.1592 25.2194 25.2783 25.3506 25.4251 25.5749 26.2663 26.3245
 26.3763 26.4414 26.4961 26.5487 26.6045 26.656  26.7127 26.7623 26.8332
 26.8864 26.9438 26.9976 27.063  27.7259 27.7989 27.8728 27.9364 28.0095
 28.0932 28.1605 28.2247 28.2875 28.3468 28.3941 28.4503 28.5132 28.6532
 28.7839 28.8725 29.3923 29.4883 29.5716 29.6491 29.7894 29.9002 30.0134
 30.3771 30.9193 31.0747 31.2285 31.7918 31.8884 32.0351 32.1087 32.1747
 32.241  32.301  32.3816 32.4444 32.5105 32.5912 32.6599 32.7323 32.8063
 32.8839 32.9562 33.5046 33.5751 33.6417 33.6895 33.7452 33.8045 33.8616
 33.9458 34.02   34.1324 34.2203 35.1295 35.2426 35.3139 35.4167 35.5342
 35.5872 35.6458 35.7083 35.7841 35.8611 35.9268 35.9884 36.0722 36.1363
 36.2198 36.2911 36.3493 36.6756 36.7473 36.8358 36.9003 36.9973 37.0701
 37.1283 37.1988 37.2561 37.323  37.4014 37.4586 37.5343 37.5963 37.6503
 37.8307 38.054  38.1584 38.2287 38.3024 38.4107 38.5019 38.5803 38.6941
 38.7602]",0.9948904172463374
