0.0330027996527337,0.19916863199323476,-55.0305954030258,10.649638493869942,38.0,39.0,,,<dataset.dataset_QSNMC.QSNMCDataset object at 0x0000018F750F0AC8>,[0.        0.        0.        ... 2.0715878 2.290491  1.9974891],0.0001,"[ 5.021   9.0057  9.0573  9.1143  9.1713  9.2283  9.2853  9.3423  9.3993
  9.4563  9.5133  9.5703  9.6273  9.6843  9.7413  9.7981  9.8551  9.9119
  9.9689 10.0257 10.0827 10.1395 10.1965 10.2533 10.3103 10.3671 10.4241
 10.4809 10.5379 10.5949 10.6518 10.7087 10.7656 10.8225 10.8794 10.9363
 10.9932 13.0039 13.0333 13.0721 13.1109 13.1497 13.1885 13.2273 13.2661
 13.3049 13.3437 13.3825 13.4213 13.4601 13.4989 13.5377 13.5765 13.6153
 13.6541 13.6929 13.7317 13.7705 13.8093 13.8481 13.8869 13.9257 13.9645
 14.0033 14.0421 14.0809 14.1197 14.1585 14.1973 14.2361 14.2749 14.3137
 14.3525 14.3913 14.4301 14.4689 14.5077 14.5465 14.5853 14.6241 14.6629
 14.7017 14.7405 14.7793 14.8181 14.8569 14.8957 14.9345 14.9733 17.506
 17.5788 17.6496 17.7194 17.7695 17.8151 17.868  17.9248 18.1659 18.868
 18.9571 19.0633 19.1452 19.2428 19.3583 19.4572 19.6038 19.7057 19.7757
 19.8521 19.9987 20.0606 20.1221 20.2468 20.3201 20.3844 20.4578 20.5161
 20.5684 20.6609 20.7268 20.8252 20.8854 20.9544 21.0401 21.1053 21.2221
 21.3589 21.457  21.5389 21.6115 21.6765 21.7295 21.7896 21.8987 21.9909
 22.0642 22.1202 22.2322 22.3201 22.378  22.4357 22.5119 22.5832 22.639
 22.7237 22.7761 22.8421 22.9176 22.9741 23.0358 23.1087 23.1838 23.2452
 23.3015 23.3677 23.4319 23.4848 23.5464 23.6551 23.7412 23.7933 23.8646
 23.9003 23.953  24.0169 24.0822 24.1494 24.203  24.2577 24.3418 24.401
 24.4622 24.5279 24.5899 24.6484 24.7236 24.7908 24.8552 24.9339 24.9995
 25.0738 25.1598 25.2262 25.2773 25.3513 25.4265 26.2235 26.287  26.3394
 26.4055 26.4534 26.5054 26.5588 26.6214 26.6855 26.7454 26.7973 26.8596
 26.9055 26.9647 27.0147 27.6734 27.7357 27.8003 27.8597 27.907  28.0066
 28.0867 28.1468 28.2099 28.266  28.3249 28.3722 28.4267 28.4864 28.6037
 28.7075 28.8079 29.3211 29.3663 29.4516 29.5334 29.5892 29.7573 29.8572
 29.9544 30.3541 30.8334 31.0312 31.18   31.6754 31.8013 31.9738 32.0447
 32.1106 32.1793 32.2545 32.3357 32.3916 32.4593 32.5709 32.633  32.7083
 32.7825 32.8491 32.8997 32.9566 33.46   33.5252 33.6028 33.6439 33.7072
 33.7643 33.824  33.936  33.999  34.155  34.2365 35.0646 35.2013 35.2807
 35.5112 35.5512 35.6108 35.6766 35.7588 35.8326 35.8781 35.9541 36.0436
 36.1107 36.1753 36.2394 36.2996 36.6357 36.7052 36.7779 36.8221 36.9009
 36.9742 37.0627 37.1343 37.1956 37.2633 37.368  37.4303 37.5153 37.5705
 37.621  37.6878 38.0031 38.1139 38.1599 38.2585 38.3708 38.4755 38.5565
 38.6498 38.7226 38.9254]",0.9922347678564738
