0.3101480239636969,3.1797812062477218,-59.01819463248843,146.00447919044913,110.52635233667982,-52.8425956744955,-46.769871121455104,0.8909904606219305,-0.8137846251572431,0.0,0.0,35.0,39.0,,,<dataset.dataset_QSNMC.QSNMCDataset object at 0x000002AA0E889588>,[0.        0.        0.        ... 2.0715878 2.290491  1.9974891],0.0001,"[ 5.0877  5.1963  5.3049  5.4135  5.5221  5.6307  5.7393  5.8479  5.9565
  6.0651  6.1737  6.2823  6.3909  6.4995  6.6081  6.7167  6.8253  6.9339
  9.036   9.0885  9.1411  9.1937  9.2463  9.2989  9.3515  9.4041  9.4567
  9.5093  9.5619  9.6145  9.6671  9.7197  9.7723  9.8249  9.8775  9.9301
  9.9827 10.0353 10.0879 10.1405 10.1931 10.2457 10.2983 10.3509 10.4035
 10.4561 10.5087 10.5613 10.6139 10.6665 10.7191 10.7717 10.8243 10.8769
 10.9295 10.9821 13.025  13.0645 13.104  13.1435 13.183  13.2225 13.262
 13.3015 13.341  13.3805 13.42   13.4595 13.499  13.5385 13.578  13.6175
 13.657  13.6965 13.736  13.7755 13.815  13.8545 13.894  13.9335 13.973
 14.0125 14.052  14.0915 14.131  14.1705 14.21   14.2495 14.289  14.3285
 14.368  14.4075 14.447  14.4865 14.526  14.5655 14.605  14.6445 14.684
 14.7235 14.763  14.8025 14.842  14.8815 14.921  14.9605 15.     17.5329
 17.5948 17.6728 17.7413 17.8075 17.8713 17.9355 18.2169 18.94   19.04
 19.1262 19.2116 19.3195 19.4284 19.6469 19.7561 19.8238 19.912  20.0101
 20.0821 20.1506 20.2648 20.3273 20.3865 20.4431 20.4989 20.5529 20.6731
 20.7339 20.8236 20.905  20.966  21.0524 21.1504 21.2577 21.3676 21.4859
 21.5558 21.627  21.6908 21.747  21.8058 21.9116 22.0067 22.1204 22.2001
 22.2974 22.3529 22.4351 22.4963 22.5478 22.6108 22.6603 22.7305 22.7918
 22.8595 22.9243 22.9875 23.0516 23.118  23.1877 23.2628 23.321  23.3821
 23.4434 23.5138 23.5748 23.6552 23.7279 23.7971 23.8678 23.9155 23.9689
 24.0305 24.0997 24.1668 24.2292 24.2815 24.356  24.4206 24.4879 24.5495
 24.6049 24.6614 24.749  24.823  24.8962 24.9801 25.0604 25.1281 25.1927
 25.2557 25.3099 25.3804 25.4465 26.2454 26.3043 26.3561 26.4187 26.4714
 26.5231 26.5777 26.635  26.6958 26.7465 26.8173 26.8718 26.9288 26.9821
 27.0346 27.7024 27.7744 27.8442 27.9052 27.9655 28.0358 28.1143 28.1674
 28.2305 28.2942 28.3523 28.4024 28.4701 28.5844 28.7378 28.8241 29.3747
 29.4728 29.5544 29.6345 29.7857 29.8905 29.9993 30.8853 31.0617 31.7483
 31.8352 32.0079 32.0827 32.1449 32.2155 32.2767 32.356  32.4139 32.4794
 32.546  32.6102 32.673  32.7431 32.8138 32.8845 32.9648 33.4823 33.5554
 33.6257 33.6699 33.7273 33.7849 33.8402 33.9229 33.9982 34.1085 34.1998
 35.0989 35.2195 35.2965 35.3969 35.5207 35.5742 35.6312 35.6945 35.7706
 35.8458 35.9115 35.9731 36.0596 36.124  36.206  36.2738 36.3275 36.6587
 36.7298 36.8196 36.8838 36.9832 37.0544 37.1127 37.1789 37.2368 37.3013
 37.3789 37.441  37.5185 37.5819 37.6372 37.7054 38.029  38.1427 38.2106
 38.2851 38.3974 38.4853 38.5655 38.6861 38.7477]",0.9958481536917296
