0.0479076431455456,0.19363421583261944,-61.14709898961102,20.826631780133418,38.0,39.0,,,<dataset.dataset_QSNMC.QSNMCDataset object at 0x000001B8AA267648>,[0.        0.        0.        ... 2.0715878 2.290491  1.9974891],0.0001,"[ 9.0061  9.0599  9.1155  9.1711  9.2267  9.2823  9.3379  9.3935  9.4491
  9.5047  9.5603  9.6159  9.6715  9.7271  9.7827  9.8383  9.8939  9.9495
 10.0051 10.0607 10.1163 10.1719 10.2275 10.2831 10.3387 10.3943 10.4499
 10.5055 10.5611 10.6167 10.6723 10.7279 10.7835 10.8391 10.8947 10.9503
 13.004  13.04   13.0793 13.1186 13.1579 13.1972 13.2365 13.2758 13.3151
 13.3544 13.3937 13.433  13.4723 13.5116 13.5509 13.5902 13.6295 13.6688
 13.7081 13.7474 13.7867 13.826  13.8653 13.9046 13.9439 13.9832 14.0225
 14.0618 14.1011 14.1404 14.1797 14.219  14.2583 14.2976 14.3369 14.3762
 14.4155 14.4548 14.4941 14.5334 14.5727 14.612  14.6513 14.6906 14.7299
 14.7692 14.8085 14.8478 14.8871 14.9264 14.9657 17.5063 17.5784 17.6482
 17.7192 17.7692 17.8515 17.9201 18.1687 18.9127 18.9982 19.0663 19.146
 19.2444 19.4129 19.6067 19.7086 19.7759 19.8521 19.9991 20.0606 20.1214
 20.248  20.3199 20.384  20.4534 20.5155 20.5681 20.6624 20.7289 20.8294
 20.8859 20.9536 21.0403 21.1051 21.2278 21.3594 21.4664 21.5392 21.6114
 21.675  21.7243 21.7792 21.8993 21.9926 22.0648 22.1202 22.2325 22.3202
 22.3777 22.4351 22.5118 22.5677 22.6203 22.6838 22.734  22.8226 22.8844
 22.9415 23.0245 23.0894 23.143  23.2424 23.3011 23.3675 23.4316 23.4845
 23.5458 23.6212 23.6871 23.7547 23.8182 23.8798 23.9228 23.9681 24.0198
 24.0821 24.1488 24.2016 24.2564 24.3423 24.4007 24.4617 24.5276 24.5896
 24.6482 24.7232 24.7873 24.8534 24.9295 24.9971 25.0716 25.1581 25.2226
 25.2757 25.3509 25.427  26.2237 26.2868 26.3392 26.4027 26.4514 26.5038
 26.558  26.6206 26.6853 26.7452 26.7961 26.8593 26.9053 26.9641 27.0141
 27.6736 27.7356 27.7996 27.8593 27.9067 27.9795 28.0864 28.1467 28.2095
 28.2655 28.3243 28.372  28.4247 28.486  28.7078 28.8246 29.3217 29.3678
 29.4524 29.5425 29.6167 29.7666 29.8592 29.9548 30.8347 31.1841 31.6763
 31.8034 31.9751 32.0456 32.1104 32.1788 32.2545 32.336  32.3917 32.458
 32.5349 32.5948 32.6657 32.7492 32.8251 32.8959 32.9562 33.4601 33.5234
 33.6023 33.6441 33.706  33.7634 33.823  33.9368 34.001  34.1733 34.2376
 35.0649 35.2022 35.281  35.5115 35.5526 35.6104 35.6764 35.7589 35.8327
 35.8783 35.9538 36.0479 36.1109 36.1747 36.2388 36.2992 36.6361 36.7051
 36.7778 36.8566 36.9678 37.063  37.1338 37.1952 37.2631 37.339  37.4048
 37.4495 37.5241 37.576  37.632  38.0038 38.1143 38.1835 38.2593 38.3722
 38.4762 38.5568 38.6509 38.7226 38.9274]",0.9920595482435041
