0.0569290461437717,2.26238623807597,-59.56575422785108,32.82722473283849,132.00626238928726,-57.73675520894544,-53.13471792283073,2.9821273655742355,0.9044359494225864,0.0,35.0,39.0,,,<dataset.dataset_QSNMC.QSNMCDataset object at 0x000001E5C65362C8>,[0.        0.        0.        ... 2.0715878 2.290491  1.9974891],0.0001,"[2.83000e-02 5.06740e+00 5.17780e+00 5.28850e+00 5.39920e+00 5.50990e+00
 5.62060e+00 5.73110e+00 5.84180e+00 5.95250e+00 6.06290e+00 6.17370e+00
 6.28410e+00 6.39480e+00 6.50560e+00 6.61600e+00 6.72670e+00 6.83740e+00
 6.94780e+00 9.02680e+00 9.07340e+00 9.12140e+00 9.16920e+00 9.21720e+00
 9.26520e+00 9.31300e+00 9.36080e+00 9.40860e+00 9.45670e+00 9.50450e+00
 9.55230e+00 9.60040e+00 9.64850e+00 9.69630e+00 9.74410e+00 9.79220e+00
 9.84030e+00 9.88810e+00 9.93590e+00 9.98370e+00 1.00317e+01 1.00797e+01
 1.01278e+01 1.01759e+01 1.02240e+01 1.02721e+01 1.03199e+01 1.03677e+01
 1.04155e+01 1.04635e+01 1.05113e+01 1.05591e+01 1.06071e+01 1.06549e+01
 1.07027e+01 1.07505e+01 1.07984e+01 1.08462e+01 1.08942e+01 1.09420e+01
 1.09898e+01 1.30189e+01 1.30495e+01 1.30821e+01 1.31146e+01 1.31471e+01
 1.31796e+01 1.32120e+01 1.32447e+01 1.32772e+01 1.33099e+01 1.33423e+01
 1.33749e+01 1.34076e+01 1.34401e+01 1.34728e+01 1.35055e+01 1.35379e+01
 1.35705e+01 1.36031e+01 1.36357e+01 1.36684e+01 1.37009e+01 1.37334e+01
 1.37658e+01 1.37985e+01 1.38310e+01 1.38637e+01 1.38964e+01 1.39291e+01
 1.39618e+01 1.39945e+01 1.40269e+01 1.40595e+01 1.40922e+01 1.41247e+01
 1.41572e+01 1.41897e+01 1.42222e+01 1.42547e+01 1.42872e+01 1.43197e+01
 1.43522e+01 1.43847e+01 1.44171e+01 1.44497e+01 1.44824e+01 1.45149e+01
 1.45473e+01 1.45799e+01 1.46126e+01 1.46451e+01 1.46776e+01 1.47101e+01
 1.47425e+01 1.47751e+01 1.48077e+01 1.48403e+01 1.48729e+01 1.49056e+01
 1.49381e+01 1.49708e+01 1.50038e+01 1.75228e+01 1.75816e+01 1.76635e+01
 1.77312e+01 1.77945e+01 1.78608e+01 1.79250e+01 1.82042e+01 1.89291e+01
 1.90232e+01 1.90996e+01 1.91825e+01 1.92906e+01 1.94139e+01 1.96536e+01
 1.97677e+01 1.98531e+01 1.99280e+01 2.00200e+01 2.00879e+01 2.01514e+01
 2.02627e+01 2.03125e+01 2.03674e+01 2.04227e+01 2.04760e+01 2.05325e+01
 2.05840e+01 2.06809e+01 2.07386e+01 2.08255e+01 2.09020e+01 2.09581e+01
 2.10434e+01 2.11343e+01 2.12431e+01 2.13531e+01 2.14789e+01 2.15471e+01
 2.16195e+01 2.16825e+01 2.17271e+01 2.17921e+01 2.18671e+01 2.19777e+01
 2.20919e+01 2.21550e+01 2.22408e+01 2.23332e+01 2.23852e+01 2.24552e+01
 2.25190e+01 2.25710e+01 2.26252e+01 2.26691e+01 2.27384e+01 2.27972e+01
 2.28589e+01 2.29214e+01 2.29799e+01 2.30435e+01 2.31092e+01 2.31723e+01
 2.32535e+01 2.33104e+01 2.33670e+01 2.34288e+01 2.34969e+01 2.35554e+01
 2.36268e+01 2.37036e+01 2.37729e+01 2.38338e+01 2.38946e+01 2.39358e+01
 2.39837e+01 2.40377e+01 2.41015e+01 2.41654e+01 2.42207e+01 2.42694e+01
 2.43410e+01 2.44052e+01 2.44716e+01 2.45378e+01 2.45875e+01 2.46409e+01
 2.47043e+01 2.47980e+01 2.48704e+01 2.49556e+01 2.50243e+01 2.51013e+01
 2.51786e+01 2.52420e+01 2.52893e+01 2.53646e+01 2.54326e+01 2.62378e+01
 2.62931e+01 2.63443e+01 2.63928e+01 2.64493e+01 2.65036e+01 2.65613e+01
 2.66196e+01 2.66730e+01 2.67224e+01 2.67673e+01 2.68242e+01 2.68727e+01
 2.69246e+01 2.69721e+01 2.70179e+01 2.76911e+01 2.77565e+01 2.78155e+01
 2.78764e+01 2.79324e+01 2.80071e+01 2.80976e+01 2.81535e+01 2.82192e+01
 2.82803e+01 2.83350e+01 2.83792e+01 2.84275e+01 2.84901e+01 2.86799e+01
 2.87974e+01 2.93536e+01 2.94601e+01 2.95443e+01 2.96217e+01 2.97847e+01
 2.98800e+01 2.99833e+01 3.08674e+01 3.11254e+01 3.17173e+01 3.18212e+01
 3.20022e+01 3.20755e+01 3.21357e+01 3.22061e+01 3.22669e+01 3.23448e+01
 3.24039e+01 3.24680e+01 3.25283e+01 3.25972e+01 3.26561e+01 3.27231e+01
 3.27964e+01 3.28677e+01 3.29371e+01 3.34748e+01 3.35399e+01 3.36120e+01
 3.36536e+01 3.37144e+01 3.37686e+01 3.38222e+01 3.39033e+01 3.39844e+01
 3.40967e+01 3.41915e+01 3.50877e+01 3.52123e+01 3.52911e+01 3.53941e+01
 3.55193e+01 3.55685e+01 3.56195e+01 3.56861e+01 3.57622e+01 3.58386e+01
 3.58965e+01 3.59616e+01 3.60506e+01 3.61077e+01 3.61799e+01 3.62450e+01
 3.63136e+01 3.66511e+01 3.67221e+01 3.68078e+01 3.68731e+01 3.69727e+01
 3.70277e+01 3.70899e+01 3.71513e+01 3.72171e+01 3.72742e+01 3.73483e+01
 3.74172e+01 3.74616e+01 3.75303e+01 3.75852e+01 3.76358e+01 3.76952e+01
 3.80209e+01 3.81383e+01 3.82032e+01 3.82775e+01 3.83903e+01 3.84772e+01
 3.85559e+01 3.86793e+01 3.87423e+01]",0.9990652826432345
