0.2572086288220292,-0.09066747067660763,-58.465071953266175,148.7852472903083,100.69320321213098,-52.66512530848389,-42.676613211156074,0.8254001198680991,4.431703832246485,0.0,0.0,35.0,39.0,,,<dataset.dataset_QSNMC.QSNMCDataset object at 0x000001AB44261E08>,[0.        0.        0.        ... 2.0715878 2.290491  1.9974891],0.0001,"[ 5.0873  5.1955  5.3039  5.4121  5.5204  5.6287  5.737   5.8453  5.9536
  6.0619  6.1702  6.2785  6.3868  6.4951  6.6034  6.7117  6.82    6.9283
  9.0362  9.0882  9.1404  9.1925  9.2446  9.2967  9.3488  9.4009  9.453
  9.5051  9.5572  9.6093  9.6614  9.7135  9.7656  9.8177  9.8698  9.9219
  9.974  10.0261 10.0782 10.1303 10.1824 10.2345 10.2866 10.3387 10.3908
 10.4429 10.495  10.5471 10.5992 10.6513 10.7034 10.7555 10.8076 10.8597
 10.9118 10.9639 13.0251 13.0634 13.1017 13.14   13.1783 13.2166 13.2549
 13.2932 13.3315 13.3698 13.4081 13.4464 13.4847 13.523  13.5613 13.5996
 13.6379 13.6762 13.7145 13.7528 13.7911 13.8294 13.8677 13.906  13.9443
 13.9826 14.0209 14.0592 14.0975 14.1358 14.1741 14.2124 14.2507 14.289
 14.3273 14.3656 14.4039 14.4422 14.4805 14.5188 14.5571 14.5954 14.6337
 14.672  14.7103 14.7486 14.7869 14.8252 14.8635 14.9018 14.9401 14.9784
 17.5333 17.5946 17.6729 17.7411 17.8075 17.8712 17.9357 18.2092 18.9364
 19.0346 19.1182 19.2013 19.3101 19.4258 19.6394 19.751  19.8181 19.9076
 20.0062 20.0802 20.1492 20.2632 20.3229 20.3816 20.4384 20.4939 20.5485
 20.637  20.7021 20.7637 20.8513 20.9148 20.9774 21.0647 21.1689 21.29
 21.412  21.4927 21.5628 21.6315 21.6938 21.7507 21.8086 21.9152 22.008
 22.1214 22.2016 22.3041 22.3588 22.4414 22.5032 22.5544 22.6162 22.6649
 22.7354 22.7987 22.8641 22.9288 22.9933 23.0559 23.1216 23.1918 23.2649
 23.3227 23.3834 23.4442 23.5153 23.5765 23.6573 23.7311 23.7994 23.8713
 23.9177 23.9705 24.0315 24.1001 24.167  24.229  24.2809 24.3556 24.4201
 24.4874 24.5492 24.6041 24.6603 24.7475 24.8225 24.8959 24.98   25.0601
 25.1281 25.1929 25.2559 25.3099 25.3808 25.447  26.2456 26.3042 26.3558
 26.4172 26.4699 26.5219 26.5767 26.634  26.6948 26.7453 26.8162 26.8707
 26.9281 26.9805 27.032  27.7027 27.775  27.8447 27.9059 27.9661 28.0365
 28.1152 28.1678 28.2306 28.2944 28.3522 28.4016 28.4683 28.5693 28.7196
 28.8159 29.3743 29.4727 29.5549 29.6355 29.784  29.8898 29.9994 30.8856
 31.054  31.2365 31.7477 31.8354 32.0063 32.0819 32.1443 32.2155 32.2765
 32.356  32.4141 32.4798 32.5464 32.6108 32.6734 32.7443 32.8153 32.8862
 32.9667 33.4824 33.5553 33.6256 33.669  33.7268 33.7839 33.8387 33.9213
 33.9974 34.1078 34.1998 35.0991 35.2189 35.2961 35.395  35.5194 35.574
 35.6305 35.6942 35.7705 35.8458 35.912  35.9733 36.0598 36.1238 36.2051
 36.2725 36.3271 36.6586 36.7298 36.82   36.8843 36.9829 37.0527 37.111
 37.1765 37.2348 37.2985 37.3768 37.4398 37.5173 37.5807 37.6365 37.7022
 38.0291 38.1421 38.2095 38.2851 38.397  38.4843 38.5652 38.6843 38.7473]",0.9958489180083583
