0.017657556305599773,0.21249900146986894,-55.34256372605247,5.388732724289586,38.0,39.0,,,<dataset.dataset_QSNMC.QSNMCDataset object at 0x000001D751C20988>,[0.        0.        0.        ... 2.0715878 2.290491  1.9974891],0.0001,"[ 5.0103  5.1914  5.3822  5.5729  5.7636  5.9543  6.145   6.3357  6.5265
  6.7173  6.9079  9.0049  9.0098  9.0802  9.1416  9.203   9.2644  9.3257
  9.3871  9.4485  9.5098  9.5711  9.6325  9.6939  9.7552  9.8166  9.878
  9.9393 10.0007 10.0621 10.1235 10.1847 10.2461 10.3075 10.3689 10.4303
 10.4917 10.553  10.6143 10.6756 10.7369 10.7983 10.8598 10.921  10.9824
 13.0035 13.0064 13.045  13.0862 13.1272 13.1684 13.2097 13.2507 13.2919
 13.3329 13.3741 13.4151 13.4563 13.4976 13.5386 13.5798 13.6208 13.662
 13.703  13.7442 13.7855 13.8265 13.8677 13.9087 13.9499 13.9909 14.0321
 14.0734 14.1144 14.1556 14.1966 14.2378 14.2788 14.32   14.3613 14.4023
 14.4435 14.4845 14.5257 14.5667 14.6079 14.6492 14.6902 14.7314 14.7724
 14.8136 14.8549 14.8959 14.9371 14.9781 17.5056 17.509  17.582  17.6528
 17.7204 17.7707 17.8524 17.9206 18.1026 18.324  18.442  18.6272 18.8152
 18.9081 18.9628 19.0633 19.1452 19.2421 19.3539 19.4533 19.6011 19.6894
 19.7747 19.8523 19.9623 20.0463 20.1205 20.2451 20.2814 20.3537 20.4227
 20.4828 20.5378 20.5729 20.6663 20.7409 20.8482 20.8986 20.97   21.0976
 21.216  21.3184 21.4519 21.5205 21.6099 21.6554 21.7004 21.7777 21.8981
 21.9896 22.0649 22.1208 22.2318 22.32   22.3639 22.4349 22.5124 22.5855
 22.6403 22.73   22.7777 22.8436 22.9185 23.0197 23.0888 23.1435 23.2419
 23.3012 23.3683 23.4326 23.486  23.5483 23.6504 23.741  23.7931 23.8686
 23.9001 23.9549 24.0196 24.0835 24.1514 24.2275 24.2318 24.3421 24.4017
 24.4634 24.5287 24.5906 24.6489 24.7257 24.7977 24.867  24.9602 25.0351
 25.1031 25.175  25.248  25.2865 25.3623 25.435  26.2231 26.2255 26.292
 26.3416 26.4152 26.4747 26.5557 26.622  26.6861 26.7344 26.7969 26.8601
 26.9066 26.9664 27.0182 27.673  27.6755 27.7827 27.8585 27.9068 28.0057
 28.0869 28.1469 28.2112 28.2682 28.3266 28.3726 28.464  28.601  28.7071
 28.8032 29.004  29.2505 29.3225 29.3663 29.4525 29.5406 29.617  29.7551
 29.8537 29.9541 30.1294 30.2751 30.8318 30.9512 31.0863 31.1811 31.6743
 31.7905 31.8809 31.9744 32.0448 32.1114 32.1809 32.255  32.3361 32.3924
 32.464  32.57   32.6329 32.7089 32.7837 32.8504 32.9012 32.9573 33.4597
 33.4624 33.5504 33.6147 33.6454 33.7109 33.7671 33.8263 33.9354 33.9976
 34.1475 34.2362 34.7313 35.064  35.069  35.1998 35.2805 35.3954 35.5109
 35.5149 35.5901 35.6761 35.759  35.8334 35.878  35.956  36.0472 36.1123
 36.2104 36.2979 36.505  36.6352 36.6389 36.7066 36.7788 36.8219 36.9017
 36.9869 37.0652 37.137  37.1968 37.2639 37.3674 37.4306 37.4353 37.5279
 37.5791 37.634  38.0016 38.0061 38.1144 38.1577 38.2585 38.3696 38.4748
 38.5563 38.65   38.7228 38.9236]",0.9933741569655699
