0.18732389243382983,1.7276336298869555,-53.385373536114145,233.84005993564477,96.21712847959564,-60.461572982788226,-51.80929386934568,0.7987422367619292,1.0764242092443543,0.0,35.0,39.0,,,<dataset.dataset_QSNMC.QSNMCDataset object at 0x000002B91B377108>,[0.        0.        0.        ... 2.0715878 2.290491  1.9974891],0.0001,"[ 5.0837  5.1893  5.2949  5.4005  5.5061  5.6117  5.7173  5.8229  5.9285
  6.0341  6.1397  6.2453  6.3509  6.4565  6.5621  6.6677  6.7733  6.8789
  6.9845  9.033   9.0817  9.1304  9.1791  9.2278  9.2765  9.3252  9.3739
  9.4226  9.4713  9.52    9.5687  9.6174  9.6661  9.7148  9.7635  9.8122
  9.8609  9.9096  9.9583 10.007  10.0557 10.1044 10.1531 10.2018 10.2505
 10.2992 10.3479 10.3966 10.4453 10.494  10.5427 10.5914 10.6401 10.6888
 10.7375 10.7862 10.8349 10.8836 10.9323 10.981  13.0229 13.0576 13.0923
 13.127  13.1617 13.1964 13.2311 13.2658 13.3005 13.3352 13.3699 13.4046
 13.4393 13.474  13.5087 13.5434 13.5781 13.6128 13.6475 13.6822 13.7169
 13.7516 13.7863 13.821  13.8557 13.8904 13.9251 13.9598 13.9945 14.0292
 14.0639 14.0986 14.1333 14.168  14.2027 14.2374 14.2721 14.3068 14.3415
 14.3762 14.4109 14.4456 14.4803 14.515  14.5497 14.5844 14.6191 14.6538
 14.6885 14.7232 14.7579 14.7926 14.8273 14.862  14.8967 14.9314 14.9661
 15.0008 17.5292 17.5889 17.6674 17.7339 17.7969 17.8614 17.9258 18.224
 18.9397 19.0341 19.1108 19.1902 19.2959 19.4204 19.6515 19.7568 19.8202
 19.9063 20.0013 20.0735 20.1412 20.2432 20.289  20.3462 20.4036 20.4578
 20.5119 20.5637 20.682  20.7405 20.8256 20.9035 20.9606 21.0399 21.1296
 21.2367 21.3549 21.4832 21.55   21.6208 21.6832 21.7304 21.7935 21.8643
 21.9582 22.0346 22.1338 22.2144 22.3305 22.3832 22.4541 22.5161 22.5675
 22.623  22.6688 22.7364 22.7949 22.8584 22.9195 22.9774 23.0424 23.1084
 23.1705 23.2517 23.31   23.3665 23.4276 23.4952 23.5548 23.6245 23.7017
 23.7732 23.8335 23.895  23.9392 23.9878 24.0418 24.1047 24.1682 24.2259
 24.2751 24.345  24.4087 24.4737 24.5383 24.5892 24.6429 24.7047 24.7938
 24.8687 24.9533 25.0201 25.0983 25.1775 25.2411 25.2898 25.3655 25.4329
 26.2426 26.2983 26.3488 26.4018 26.4555 26.5091 26.5652 26.6231 26.6795
 26.7285 26.7785 26.8344 26.8814 26.9335 26.9831 27.031  27.6987 27.765
 27.8249 27.8827 27.9383 28.0104 28.0979 28.1545 28.2182 28.278  28.3339
 28.3801 28.4297 28.4912 28.6559 28.7792 28.8697 29.371  29.4678 29.5491
 29.6255 29.7817 29.8853 29.9886 30.8806 31.0676 31.7406 31.8293 32.0058
 32.0782 32.1381 32.2083 32.2683 32.3445 32.4048 32.4695 32.5298 32.5985
 32.658  32.7246 32.7962 32.8681 32.9362 33.4796 33.5475 33.6171 33.6584
 33.7171 33.7714 33.8256 33.9031 33.9833 34.0957 34.1946 35.0951 35.2163
 35.2929 35.3809 35.5132 35.5686 35.6207 35.6864 35.7601 35.8377 35.8982
 35.962  36.0473 36.1029 36.1682 36.2412 36.3143 36.656  36.7258 36.8138
 36.877  36.9688 37.0223 37.0864 37.1468 37.2165 37.2741 37.3457 37.4149
 37.4617 37.5291 37.5857 37.6372 37.6965 38.026  38.1386 38.2029 38.2798
 38.3931 38.4766 38.5558 38.6662 38.7413]",0.9987687692512867
