0.054371378456944064,0.1939468605596142,-67.68492771020334,30.78618396211585,0.04,5.0,140.0,38.0,39.0,,,<dataset.dataset_QSNMC.QSNMCDataset object at 0x0000014E425CBE08>,[0.        0.        0.        ... 2.0715878 2.290491  1.9974891],0.0001,"[ 9.0061  9.0607  9.1164  9.1721  9.2278  9.2835  9.3392  9.3949  9.4506
  9.5063  9.562   9.6177  9.6734  9.7291  9.7848  9.8405  9.8962  9.9519
 10.0076 10.0633 10.119  10.1747 10.2304 10.2861 10.3418 10.3975 10.4532
 10.5089 10.5646 10.6203 10.676  10.7317 10.7874 10.8431 10.8988 10.9545
 13.004  13.0428 13.0836 13.1244 13.1652 13.206  13.2468 13.2876 13.3284
 13.3692 13.41   13.4508 13.4916 13.5324 13.5732 13.614  13.6548 13.6956
 13.7364 13.7772 13.818  13.8588 13.8996 13.9404 13.9812 14.022  14.0628
 14.1036 14.1444 14.1852 14.226  14.2668 14.3076 14.3484 14.3892 14.43
 14.4708 14.5116 14.5524 14.5932 14.634  14.6748 14.7156 14.7564 14.7972
 14.838  14.8788 14.9196 14.9604 15.0017 17.5062 17.5781 17.6468 17.719
 17.7693 17.8512 17.9199 18.1686 18.9124 18.9978 19.0658 19.1454 19.2442
 19.412  19.6065 19.7088 19.7758 19.852  19.9991 20.0605 20.121  20.248
 20.3196 20.3837 20.4499 20.5152 20.568  20.6616 20.7249 20.8289 20.8857
 20.9516 21.04   21.1049 21.2278 21.3593 21.4664 21.539  21.611  21.6734
 21.7232 21.7786 21.8992 21.9923 22.0637 22.1198 22.2325 22.3201 22.3774
 22.4349 22.5116 22.567  22.6202 22.6833 22.734  22.8217 22.8842 22.9414
 23.0235 23.0879 23.1428 23.2424 23.301  23.3672 23.4315 23.4845 23.5456
 23.6192 23.6867 23.7546 23.8173 23.8794 23.9233 23.9684 24.0199 24.0819
 24.1483 24.2024 24.2565 24.342  24.4005 24.4615 24.5274 24.5895 24.6481
 24.7228 24.7856 24.8527 24.9252 24.9957 25.0706 25.1549 25.2194 25.2748
 25.3506 25.4265 26.2237 26.2866 26.3391 26.402  26.4525 26.5043 26.558
 26.6203 26.6851 26.7451 26.7962 26.8591 26.9056 26.964  27.0144 27.6736
 27.7354 27.7991 27.859  27.9068 27.9777 28.0446 28.124  28.2085 28.2652
 28.3241 28.3721 28.425  28.4859 28.7078 28.8247 29.3217 29.3696 29.4524
 29.5328 29.6164 29.7666 29.8591 29.9547 30.8347 31.1836 31.6762 31.8035
 31.975  32.0453 32.1101 32.1785 32.2543 32.3358 32.3916 32.4571 32.5211
 32.5898 32.6367 32.7085 32.7819 32.8485 32.8996 32.9564 33.4601 33.5222
 33.6018 33.6443 33.7057 33.7632 33.8226 33.9367 33.9996 34.1733 34.2374
 35.0649 35.2021 35.2808 35.5115 35.5558 35.6107 35.6763 35.7588 35.8321
 35.8785 35.9534 36.0464 36.1103 36.1743 36.2385 36.2991 36.6361 36.7051
 36.7777 36.8565 36.9641 37.0597 37.1329 37.1949 37.2628 37.3337 37.4045
 37.4497 37.5236 37.5761 37.632  38.0038 38.1142 38.1827 38.2591 38.3721
 38.4761 38.5563 38.6502 38.7224 38.9274]",0.9918762327957541
