0.29977427227383635,6.294463359258259,-64.96969354161229,55.38279317128389,174.04664578583225,-53.99922424520037,-51.00560683869983,2.0780417066323817,0.9450049408858542,0.23365377382409297,0.0007116306684658044,5.619278020577678e-06,35.0,39.0,,,<dataset.dataset_QSNMC.QSNMCDataset object at 0x0000025FC2D65208>,[0.        0.        0.        ... 2.0715878 2.290491  1.9974891],0.0001,"[ 5.0871  5.1945  5.3019  5.4094  5.5169  5.6244  5.7319  5.8393  5.9467
  6.0542  6.1617  6.2692  6.3767  6.4841  6.5915  6.699   6.8065  6.914
  9.0377  9.0912  9.1447  9.1982  9.2517  9.3052  9.3587  9.4122  9.4657
  9.5192  9.5727  9.6262  9.6797  9.7332  9.7867  9.8402  9.8937  9.9472
 10.0008 10.0542 10.1078 10.1614 10.215  10.2686 10.3221 10.3756 10.4292
 10.4828 10.5363 10.5898 10.6434 10.697  10.7506 10.804  10.8576 10.9112
 10.9648 13.0268 13.067  13.1072 13.1474 13.1876 13.2278 13.268  13.3083
 13.3484 13.3885 13.4288 13.4691 13.5092 13.5493 13.5894 13.6295 13.6696
 13.7097 13.7498 13.7899 13.83   13.8701 13.9104 13.9507 13.9908 14.0309
 14.071  14.1111 14.1512 14.1913 14.2314 14.2715 14.3116 14.3517 14.392
 14.4323 14.4724 14.5125 14.5526 14.5927 14.6328 14.6729 14.713  14.7531
 14.7932 14.8333 14.8736 14.9139 14.954  14.9941 17.5349 17.5974 17.6752
 17.7441 17.8108 17.8746 17.9396 18.206  18.9357 19.0332 19.1155 19.1988
 19.3068 19.4252 19.6364 19.7485 19.8166 19.9065 20.0049 20.0803 20.1503
 20.2648 20.3275 20.3876 20.4452 20.5022 20.5574 20.6802 20.7429 20.8324
 20.9094 20.9721 21.0595 21.1597 21.2673 21.374  21.4875 21.5583 21.6297
 21.6939 21.7523 21.8109 21.9186 22.0103 22.1218 22.2023 22.3025 22.3584
 22.442  22.5051 22.5583 22.6204 22.6711 22.7426 22.8127 22.8764 22.9405
 23.0098 23.0775 23.1413 23.2136 23.2803 23.3397 23.4025 23.4605 23.5353
 23.6073 23.691  23.7719 23.8364 23.9003 23.953  24.0126 24.0738 24.1393
 24.2027 24.2577 24.3263 24.3877 24.4442 24.5061 24.5595 24.6148 24.6707
 24.7585 24.832  24.9103 24.9911 25.0746 25.1486 25.2084 25.2684 25.3445
 25.4194 26.2473 26.3071 26.3597 26.4241 26.478  26.5301 26.586  26.6415
 26.7007 26.7527 26.8218 26.8763 26.9336 26.9882 27.0451 27.7042 27.7774
 27.8493 27.9138 27.9799 28.051  28.1252 28.1775 28.2367 28.3012 28.3602
 28.4128 28.4827 28.6261 28.7634 28.8447 29.3751 29.4735 29.5559 29.6368
 29.7841 29.8906 29.9976 30.3943 30.8863 31.0473 31.2042 31.7459 31.8355
 32.0066 32.0826 32.146  32.2174 32.2793 32.3592 32.418  32.4843 32.5543
 32.6193 32.6846 32.7587 32.8332 32.9068 33.4842 33.5581 33.6284 33.6743
 33.7321 33.7919 33.8485 33.9313 34.0039 34.112  34.2019 35.1006 35.2198
 35.2978 35.3976 35.5202 35.5756 35.6338 35.6973 35.7736 35.8485 35.9159
 35.9772 36.0629 36.1285 36.2134 36.2858 36.3529 36.6603 36.7319 36.8214
 36.8864 36.9857 37.0586 37.1176 37.1876 37.2461 37.3174 37.3951 37.4515
 37.5264 37.5883 37.6436 38.0309 38.1438 38.2125 38.2872 38.3986 38.4867
 38.5673 38.6858 38.7492]",0.995422944820477
