0.07396179005701542,1.8248549640831278,-54.01784611237549,11.686406708744256,217.6089500808968,-54.01540689541652,-48.07821487166662,1.0680720681632354,0.05557203306946449,0.0009295738545669234,0.0,35.0,39.0,,,<dataset.dataset_QSNMC.QSNMCDataset object at 0x0000023F23CD2B48>,[0.        0.        0.        ... 2.0715878 2.290491  1.9974891],0.0001,"[ 5.1172  5.2309  5.3437  5.4573  5.5708  5.6839  5.7974  5.9107  6.0239
  6.1375  6.2507  6.3639  6.4772  6.5909  6.7039  6.8177  6.9305  9.0587
  9.1133  9.1672  9.2207  9.2745  9.3282  9.3819  9.4357  9.4895  9.5432
  9.5971  9.6507  9.7045  9.7582  9.8117  9.8655  9.9193  9.9731 10.027
 10.0808 10.1345 10.1884 10.2423 10.2958 10.3497 10.4035 10.4573 10.5111
 10.5649 10.6187 10.6723 10.7262 10.7801 10.834  10.8878 10.9414 10.9952
 13.0426 13.0824 13.121  13.1593 13.1976 13.2359 13.2742 13.3124 13.3507
 13.389  13.4273 13.4656 13.5039 13.5422 13.5804 13.6186 13.6569 13.6952
 13.7336 13.7719 13.8101 13.8482 13.8865 13.9248 13.9631 14.0015 14.0398
 14.0782 14.1165 14.1548 14.1931 14.2313 14.2695 14.3078 14.346  14.3843
 14.4227 14.461  14.4993 14.5376 14.5759 14.6142 14.6525 14.6908 14.7291
 14.7675 14.8059 14.8442 14.8826 14.9209 14.9592 14.9974 17.5606 17.626
 17.7004 17.7708 17.8384 17.9032 17.972  18.23   18.685  18.9458 19.0444
 19.1391 19.2368 19.3595 19.475  19.6551 19.7762 19.8563 19.9546 20.0569
 20.1407 20.2193 20.2888 20.3581 20.4228 20.4838 20.5471 20.6185 20.7103
 20.7778 20.8675 20.9341 21.0016 21.0956 21.2046 21.3348 21.4875 21.5668
 21.6431 21.7073 21.7675 21.8256 21.9339 22.0311 22.143  22.23   22.3434
 22.4049 22.479  22.5448 22.61   22.6631 22.7378 22.809  22.8803 22.9473
 23.02   23.0882 23.1541 23.2345 23.3003 23.3644 23.4306 23.5006 23.5697
 23.6493 23.735  23.8077 23.8775 23.927  23.9816 24.0475 24.1235 24.1973
 24.2631 24.3258 24.395  24.4524 24.5125 24.5675 24.6259 24.6845 24.7821
 24.8609 24.9566 25.0317 25.1185 25.2004 25.2676 25.3246 25.4004 25.4698
 26.2696 26.3309 26.3824 26.4491 26.5086 26.5677 26.635  26.6975 26.7517
 26.8255 26.8811 26.9434 26.9996 27.0804 27.7289 27.8064 27.8834 27.9518
 28.0335 28.1262 28.1813 28.246  28.3136 28.372  28.4276 28.4991 28.654
 28.79   28.8892 29.3889 29.4913 29.578  29.6671 29.8052 29.9348 30.3186
 30.9202 31.0818 31.2474 31.7863 31.8838 32.0408 32.1188 32.1897 32.2583
 32.3325 32.414  32.4889 32.5608 32.6298 32.6998 32.7745 32.8508 32.929
 33.5081 33.5809 33.6469 33.7042 33.7624 33.8286 33.9103 33.9994 34.1248
 34.2231 35.1316 35.2492 35.3229 35.4374 35.5484 35.605  35.6716 35.7346
 35.8151 35.8855 35.9629 36.0514 36.1127 36.1848 36.268  36.3436 36.6745
 36.752  36.8434 36.9111 37.0091 37.0867 37.1507 37.2289 37.292  37.3674
 37.4421 37.5181 37.5835 37.6469 37.7286 38.057  38.1638 38.2416 38.3146
 38.4254 38.5216 38.5998 38.7176 38.7717]",0.9941521217851733
