0.02494823363185017,0.20148519391949654,-54.6562854924558,6.775598489696609,38.0,39.0,,,<dataset.dataset_QSNMC.QSNMCDataset object at 0x00000208729D1408>,[0.        0.        0.        ... 2.0715878 2.290491  1.9974891],0.0001,"[ 5.0161  9.0055  9.0529  9.1115  9.1701  9.2286  9.2871  9.3457  9.4043
  9.4626  9.5211  9.5797  9.6382  9.6967  9.7553  9.8138  9.8723  9.9306
  9.9891 10.0474 10.1059 10.1645 10.223  10.2815 10.3401 10.3986 10.4571
 10.5157 10.5743 10.6326 10.6911 10.7497 10.8083 10.8666 10.9251 10.9834
 13.0038 13.0072 13.0495 13.0878 13.1261 13.1644 13.2027 13.241  13.2793
 13.3176 13.3559 13.3942 13.4325 13.4708 13.5091 13.5474 13.5857 13.624
 13.6623 13.7006 13.7389 13.7772 13.8155 13.8538 13.8921 13.9304 13.9687
 14.007  14.0453 14.0837 14.1221 14.1605 14.1987 14.2371 14.2755 14.3139
 14.3523 14.3907 14.4289 14.4673 14.5057 14.5441 14.5825 14.6209 14.6593
 14.6975 14.7359 14.7743 14.8127 14.8511 14.8893 14.9277 14.9661 17.5059
 17.51   17.5815 17.6517 17.72   17.7699 17.8126 17.8657 17.9248 18.1654
 18.3364 18.8671 18.9572 19.0634 19.1457 19.243  19.3598 19.6032 19.7052
 19.7759 19.8525 19.9986 20.0607 20.1235 20.2467 20.2987 20.3547 20.4226
 20.4736 20.5359 20.5717 20.6654 20.7411 20.851  20.9013 20.97   21.0515
 21.2194 21.3588 21.4576 21.539  21.612  21.6778 21.7608 21.8232 21.9013
 21.9918 22.0665 22.1212 22.2322 22.3201 22.3784 22.4368 22.5125 22.5854
 22.64   22.73   22.7777 22.843  22.9183 22.9772 23.0371 23.1097 23.1854
 23.2466 23.3019 23.3682 23.4323 23.4852 23.5472 23.6522 23.7419 23.7933
 23.8665 23.8999 23.9535 24.0189 24.0828 24.1504 24.2047 24.2599 24.3452
 24.4022 24.463  24.5284 24.5903 24.6486 24.7246 24.7954 24.8644 24.9604
 25.0352 25.1031 25.175  25.2477 25.287  25.3556 25.4295 26.2234 26.2262
 26.2915 26.3406 26.4148 26.462  26.5132 26.5611 26.623  26.6859 26.7283
 26.7946 26.8596 26.9056 26.9653 27.0152 27.6733 27.6761 27.7835 27.8586
 27.9066 28.0063 28.0871 28.1469 28.2106 28.2668 28.3256 28.3723 28.4639
 28.6027 28.7076 28.807  29.3209 29.3655 29.4521 29.5413 29.6171 29.7568
 29.8575 29.9545 30.3531 30.833  30.9592 31.1795 31.6752 31.8005 31.9735
 32.0447 32.1112 32.1802 32.2549 32.3361 32.392  32.4616 32.5712 32.6331
 32.7088 32.7834 32.8499 32.9001 32.9569 33.4599 33.4629 33.5501 33.6135
 33.6454 33.7093 33.7655 33.825  33.936  34.0001 34.1509 34.2366 35.0645
 35.1871 35.2801 35.5111 35.5506 35.6113 35.6769 35.7591 35.8335 35.878
 35.9552 36.0474 36.1122 36.1838 36.2978 36.6355 36.6405 36.7063 36.7784
 36.8211 36.9014 36.9872 37.0653 37.1367 37.1964 37.2637 37.3678 37.4307
 37.5182 37.572  37.6227 38.0027 38.1139 38.1577 38.2586 38.3709 38.4755
 38.5571 38.6511 38.7229 38.9249]",0.9919723499143077
