0.06826667890817986,5.5507967218241365,-53.342514984605266,175.6852959067384,99.99005002323648,-51.63924952977338,-46.679552202473296,2.4931848283658784,0.0,0.0,0.0,35.0,39.0,,,<dataset.dataset_QSNMC.QSNMCDataset object at 0x0000021711B52D48>,[0.        0.        0.        ... 2.0715878 2.290491  1.9974891],0.0001,"[9.30000e-03 5.06290e+00 5.23300e+00 5.40320e+00 5.57340e+00 5.74340e+00
 5.91360e+00 6.08390e+00 6.25390e+00 6.42410e+00 6.59430e+00 6.76440e+00
 6.93450e+00 9.01980e+00 9.07240e+00 9.12540e+00 9.17840e+00 9.23130e+00
 9.28420e+00 9.33710e+00 9.39000e+00 9.44300e+00 9.49600e+00 9.54900e+00
 9.60180e+00 9.65480e+00 9.70780e+00 9.76080e+00 9.81380e+00 9.86680e+00
 9.91980e+00 9.97280e+00 1.00256e+01 1.00786e+01 1.01316e+01 1.01846e+01
 1.02376e+01 1.02906e+01 1.03434e+01 1.03964e+01 1.04494e+01 1.05024e+01
 1.05554e+01 1.06084e+01 1.06614e+01 1.07144e+01 1.07674e+01 1.08204e+01
 1.08734e+01 1.09264e+01 1.09794e+01 1.30139e+01 1.30528e+01 1.30927e+01
 1.31327e+01 1.31725e+01 1.32125e+01 1.32525e+01 1.32925e+01 1.33324e+01
 1.33723e+01 1.34123e+01 1.34523e+01 1.34922e+01 1.35321e+01 1.35720e+01
 1.36119e+01 1.36519e+01 1.36919e+01 1.37319e+01 1.37719e+01 1.38118e+01
 1.38517e+01 1.38916e+01 1.39315e+01 1.39715e+01 1.40115e+01 1.40515e+01
 1.40915e+01 1.41314e+01 1.41713e+01 1.42112e+01 1.42511e+01 1.42911e+01
 1.43311e+01 1.43710e+01 1.44109e+01 1.44508e+01 1.44907e+01 1.45307e+01
 1.45705e+01 1.46105e+01 1.46505e+01 1.46905e+01 1.47305e+01 1.47704e+01
 1.48103e+01 1.48503e+01 1.48903e+01 1.49303e+01 1.49703e+01 1.75165e+01
 1.75820e+01 1.76585e+01 1.77302e+01 1.77943e+01 1.78608e+01 1.79241e+01
 1.89734e+01 1.90801e+01 1.91681e+01 1.92798e+01 1.94168e+01 1.97373e+01
 1.98015e+01 1.98768e+01 1.99811e+01 2.00606e+01 2.01317e+01 2.02594e+01
 2.03298e+01 2.03919e+01 2.04485e+01 2.05047e+01 2.05605e+01 2.06758e+01
 2.07391e+01 2.08205e+01 2.08967e+01 2.09554e+01 2.10471e+01 2.11384e+01
 2.12427e+01 2.13581e+01 2.14759e+01 2.15454e+01 2.16178e+01 2.16833e+01
 2.17389e+01 2.17955e+01 2.19195e+01 2.20022e+01 2.20845e+01 2.21470e+01
 2.22375e+01 2.23301e+01 2.23891e+01 2.24562e+01 2.25229e+01 2.25856e+01
 2.26403e+01 2.27049e+01 2.27704e+01 2.28440e+01 2.29046e+01 2.29653e+01
 2.30347e+01 2.31005e+01 2.31639e+01 2.32491e+01 2.33077e+01 2.33707e+01
 2.34344e+01 2.34967e+01 2.35560e+01 2.36306e+01 2.37003e+01 2.37666e+01
 2.38315e+01 2.38922e+01 2.39457e+01 2.40090e+01 2.40723e+01 2.41341e+01
 2.41932e+01 2.42426e+01 2.43095e+01 2.43695e+01 2.44235e+01 2.44809e+01
 2.45400e+01 2.45971e+01 2.46545e+01 2.47395e+01 2.48084e+01 2.48729e+01
 2.49530e+01 2.50219e+01 2.50968e+01 2.51733e+01 2.52376e+01 2.52879e+01
 2.53601e+01 2.54288e+01 2.62328e+01 2.62925e+01 2.63456e+01 2.64104e+01
 2.64613e+01 2.65131e+01 2.65666e+01 2.66266e+01 2.66892e+01 2.67384e+01
 2.68070e+01 2.68638e+01 2.69176e+01 2.69707e+01 2.70212e+01 2.76837e+01
 2.77503e+01 2.78098e+01 2.78712e+01 2.79276e+01 2.80031e+01 2.80945e+01
 2.81516e+01 2.82195e+01 2.82818e+01 2.83373e+01 2.83830e+01 2.84416e+01
 2.84982e+01 2.88060e+01 2.93398e+01 2.94613e+01 2.95397e+01 2.96132e+01
 2.97853e+01 2.98701e+01 2.99775e+01 3.08574e+01 3.17046e+01 3.18160e+01
 3.19968e+01 3.20679e+01 3.21295e+01 3.21969e+01 3.22622e+01 3.23412e+01
 3.24000e+01 3.24634e+01 3.25259e+01 3.25929e+01 3.26519e+01 3.27187e+01
 3.27937e+01 3.28629e+01 3.29362e+01 3.34694e+01 3.35381e+01 3.36134e+01
 3.36555e+01 3.37142e+01 3.37710e+01 3.38279e+01 3.39064e+01 3.39825e+01
 3.41033e+01 3.41884e+01 3.42612e+01 3.50794e+01 3.52167e+01 3.52891e+01
 3.55226e+01 3.55702e+01 3.56284e+01 3.56867e+01 3.57651e+01 3.58366e+01
 3.58917e+01 3.59587e+01 3.60512e+01 3.61182e+01 3.62003e+01 3.62705e+01
 3.63208e+01 3.66463e+01 3.67164e+01 3.67956e+01 3.68663e+01 3.69800e+01
 3.70565e+01 3.71129e+01 3.71869e+01 3.72449e+01 3.73114e+01 3.73845e+01
 3.74404e+01 3.75111e+01 3.75751e+01 3.76289e+01 3.76907e+01 3.80159e+01
 3.81368e+01 3.82029e+01 3.82708e+01 3.83861e+01 3.84756e+01 3.85496e+01
 3.87327e+01]",0.9972994353437414,1.062358988137456
