0.18671190902905685,-0.07079181129501394,-10.417963790947752,2.5238655764252282,0.04,5,140,30.0,39.0,,,<dataset.dataset_QSNMC.QSNMCDataset object at 0x000002A37F6F7D48>,[  0.        0.        0.      ... 207.15878 229.0491  199.74891],0.0001,"[ 5.2795  5.3634  5.4478  5.5326  5.6179  5.7035  5.7896  5.876   5.9629
  6.0502  6.1379  6.2261  6.3146  6.4035  6.4927  6.5823  6.6724  6.7628
  6.8537  6.9448  7.1759  7.516   7.8548  8.1921  8.5283  8.8634  9.0281
  9.0824  9.1368  9.1914  9.2461  9.301   9.3559  9.411   9.4663  9.5217
  9.5773  9.633   9.6889  9.7448  9.801   9.8572  9.9137  9.9702 10.0268
 10.0837 10.1406 10.1977 10.2549 10.3123 10.3697 10.4273 10.4851 10.5429
 10.6009 10.659  10.7172 10.7756 10.834  10.8927 10.9514 11.3446 13.0039
 13.0437 13.0835 13.1234 13.1633 13.2033 13.2435 13.2837 13.3239 13.3642
 13.4047 13.4452 13.4857 13.5263 13.567  13.6079 13.6487 13.6896 13.7306
 13.7717 13.8128 13.854  13.8953 13.9366 13.9781 14.0196 14.0611 14.1027
 14.1444 14.1862 14.228  14.2699 14.3118 14.3538 14.396  14.4381 14.4803
 14.5226 14.5649 14.6074 14.6499 14.6924 14.735  14.7776 14.8204 14.8632
 14.906  14.9489 14.9918 17.8014 17.8687 17.9486 18.1156 18.2538 18.4488
 18.6033 18.7574 18.8987 19.0002 19.1    19.2    19.3063 19.4203 19.5496
 19.6781 19.7774 19.8637 19.9575 20.0531 20.1331 20.2305 20.2924 20.3624
 20.4287 20.4945 20.5623 20.6628 20.7347 20.8218 20.9069 20.9789 21.0764
 21.181  21.303  21.4271 21.516  21.6026 21.6773 21.7379 21.8123 21.9093
 22.0101 22.1205 22.209  22.3171 22.3815 22.467  22.5356 22.6052 22.6672
 22.7499 22.8329 22.9099 22.9821 23.0655 23.1407 23.2322 23.3043 23.3754
 23.448  23.5339 23.6141 23.7059 23.7924 23.8751 23.9323 24.     24.0758
 24.1509 24.2291 24.2977 24.3795 24.4583 24.5334 24.5955 24.6622 24.7635
 24.8565 24.957  25.0487 25.1445 25.2232 25.2889 25.381  25.4954 25.5017
 25.8062 26.2276 26.2903 26.3576 26.4265 26.493  26.5576 26.6261 26.6908
 26.7522 26.8299 26.8995 26.9627 27.0269 27.0875 27.6511 27.7373 27.8212
 27.9013 27.9763 28.0709 28.1471 28.217  28.2889 28.357  28.4169 28.4916
 28.6243 28.7524 28.8583 29.0659 29.2483 29.3817 29.497  29.5889 29.6973
 29.8079 29.9384 30.1171 30.2787 30.5269 30.8269 30.9343 31.0664 31.197
 31.5455 31.7333 31.849  31.9747 32.0688 32.142  32.2235 32.3003 32.3854
 32.4598 32.539  32.6246 32.703  32.786  32.8722 32.9588 33.079  33.1146
 33.4594 33.5242 33.6052 33.6613 33.7308 33.7994 33.8765 33.9697 34.0701
 34.1814 34.7037 34.975  35.1135 35.2222 35.3031 35.4032 35.5133 35.5869
 35.6593 35.7355 35.8227 35.9008 35.974  36.0628 36.1357 36.2236 36.3033
 36.4582 36.6337 36.7118 36.8089 36.8838 36.9771 37.0532 37.1258 37.2051
 37.2706 37.3639 37.4368 37.5178 37.5895 37.656  37.8905 38.0414 38.1448
 38.2271 38.3214 38.4258 38.5247 38.6196 38.729  38.8395 38.9915]",0.9839963808952165
