0.16348477534256764,1.0274482666289728,-64.05938443824537,14.473084866048328,77.64875110501514,-59.125113514381184,-47.86786376362529,0.4534907418176824,-0.9446491499056087,-0.05602832983135352,-8.316690211088702e-05,35.0,39.0,,,<dataset.dataset_QSNMC.QSNMCDataset object at 0x00000282592E5288>,[0.        0.        0.        ... 2.0715878 2.290491  1.9974891],0.0001,"[ 5.0872  5.1952  5.3032  5.4112  5.5192  5.6272  5.7352  5.8432  5.9512
  6.0592  6.1672  6.2752  6.3832  6.4912  6.5992  6.7072  6.8152  6.9232
  9.0354  9.0876  9.1398  9.192   9.2442  9.2964  9.3486  9.4008  9.453
  9.5052  9.5574  9.6096  9.6618  9.714   9.7662  9.8184  9.8706  9.9228
  9.975  10.0272 10.0794 10.1316 10.1838 10.236  10.2882 10.3404 10.3926
 10.4448 10.497  10.5492 10.6014 10.6536 10.7058 10.758  10.8102 10.8624
 10.9146 10.9668 13.0245 13.0635 13.1025 13.1415 13.1805 13.2195 13.2585
 13.2975 13.3365 13.3755 13.4145 13.4535 13.4925 13.5315 13.5705 13.6095
 13.6485 13.6875 13.7265 13.7655 13.8045 13.8435 13.8825 13.9215 13.9605
 13.9995 14.0385 14.0775 14.1165 14.1555 14.1945 14.2335 14.2725 14.3115
 14.3505 14.3895 14.4285 14.4675 14.5065 14.5455 14.5845 14.6235 14.6625
 14.7015 14.7405 14.7795 14.8185 14.8575 14.8965 14.9355 14.9745 17.5324
 17.594  17.6719 17.7401 17.806  17.8699 17.9341 18.2173 18.9399 19.0397
 19.1254 19.2099 19.3176 19.4272 19.6466 19.7552 19.8223 19.9103 20.0081
 20.0803 20.1488 20.2633 20.3242 20.3828 20.4393 20.4947 20.5489 20.6436
 20.7066 20.7685 20.856  20.9162 20.9792 21.0659 21.1702 21.2932 21.4259
 21.4972 21.5678 21.6346 21.6955 21.7539 21.8104 21.9186 22.0088 22.1209
 22.2005 22.2991 22.3539 22.4361 22.4969 22.5481 22.6106 22.6597 22.7295
 22.7906 22.8583 22.9226 22.985  23.0495 23.116  23.1848 23.261  23.3191
 23.3797 23.4412 23.5111 23.5713 23.6502 23.7228 23.7922 23.8603 23.9105
 23.9637 24.0256 24.0939 24.1597 24.2173 24.2703 24.3434 24.4097 24.4784
 24.5443 24.5997 24.6564 24.7426 24.8186 24.8901 24.9753 25.0533 25.1216
 25.1892 25.2528 25.3052 25.3767 25.4433 26.2449 26.3034 26.3551 26.4167
 26.4691 26.521  26.5756 26.6332 26.6941 26.7445 26.8155 26.87   26.9271
 26.9797 27.0312 27.7019 27.7736 27.8426 27.9025 27.9616 28.0318 28.1119
 28.1653 28.229  28.2924 28.3501 28.3993 28.4652 28.5559 28.7082 28.8106
 29.3743 29.4721 29.5535 29.6333 29.7846 29.8897 29.9977 30.8848 31.0603
 31.7481 31.8345 32.0074 32.0819 32.1438 32.2143 32.2754 32.3544 32.4124
 32.4777 32.5432 32.6078 32.67   32.7394 32.8103 32.8808 32.9593 33.4818
 33.5543 33.6246 33.6683 33.7258 33.7828 33.8377 33.9199 33.9961 34.1065
 34.1987 35.0985 35.2187 35.2956 35.3942 35.519  35.573  35.6295 35.6932
 35.7691 35.8445 35.9096 35.9714 36.058  36.1217 36.2012 36.2673 36.3238
 36.6582 36.7291 36.8187 36.8828 36.9818 37.0515 37.1097 37.1745 37.2327
 37.2946 37.3727 37.4368 37.5145 37.5785 37.6345 37.6977 38.0285 38.1419
 38.2093 38.2841 38.3965 38.4839 38.564  38.6837 38.7465]",0.99605277712142
