0.030835846863013466,0.19742707177421526,-83.78245019121802,8.597367674156587,0.04,5.0,140.0,38.0,39.0,,,<dataset.dataset_QSNMC.QSNMCDataset object at 0x0000022260742188>,[0.        0.        0.        ... 2.0715878 2.290491  1.9974891],0.0001,"[ 5.0277  9.0058  9.0547  9.1109  9.1671  9.2233  9.2795  9.3357  9.3919
  9.4481  9.5044  9.5607  9.6169  9.6731  9.7294  9.7855  9.8418  9.8981
  9.9544 10.0107 10.067  10.1232 10.1794 10.2356 10.2918 10.3481 10.4044
 10.4607 10.517  10.5732 10.6294 10.6857 10.7418 10.7981 10.8544 10.9107
 10.967  13.0039 13.0275 13.0644 13.1013 13.1382 13.1751 13.212  13.2489
 13.2858 13.3227 13.3596 13.3965 13.4334 13.4703 13.5072 13.5441 13.581
 13.6179 13.6548 13.6917 13.7286 13.7655 13.8024 13.8393 13.8762 13.9131
 13.95   13.9869 14.0238 14.0607 14.0976 14.1345 14.1714 14.2083 14.2452
 14.2821 14.319  14.3559 14.3928 14.4297 14.4666 14.5035 14.5402 14.577
 14.6138 14.6506 14.6874 14.7242 14.761  14.7978 14.8346 14.8714 14.9082
 14.945  14.9818 17.5061 17.5572 17.643  17.6988 17.7425 17.8047 17.8558
 17.9208 18.1663 18.8689 18.9575 19.0636 19.1459 19.2435 19.3821 19.6048
 19.7061 19.7759 19.8524 19.9988 20.0607 20.1222 20.2473 20.3207 20.3848
 20.4591 20.5162 20.5684 20.6627 20.741  20.8523 20.903  20.9697 21.0447
 21.1062 21.2263 21.3591 21.4621 21.5392 21.6118 21.6771 21.7256 21.781
 21.899  21.9917 22.0656 22.1205 22.2323 22.3202 22.3782 22.4359 22.5122
 22.5843 22.6392 22.7299 22.7774 22.8425 22.9182 22.9741 23.0358 23.109
 23.1845 23.2455 23.3016 23.3679 23.432  23.4847 23.5465 23.6538 23.742
 23.7932 23.8652 23.8996 23.9525 24.0165 24.0823 24.1497 24.1999 24.2357
 24.3183 24.3652 24.4255 24.4873 24.5336 24.5907 24.6485 24.724  24.7916
 24.8558 24.9612 25.0351 25.103  25.1749 25.2469 25.2866 25.3539 25.428
 26.2236 26.287  26.3393 26.4142 26.4591 26.508  26.5593 26.6217 26.6856
 26.7253 26.7938 26.8456 26.9035 26.9482 27.0024 27.6735 27.7357 27.8004
 27.8598 27.9068 28.0068 28.0871 28.1468 28.2101 28.2661 28.3249 28.372
 28.4254 28.4863 28.7075 28.8099 29.3213 29.3656 29.452  29.5416 29.617
 29.7583 29.8582 29.9546 30.3549 30.8336 31.0329 31.1809 31.6756 31.8019
 31.9742 32.0451 32.1109 32.1796 32.2547 32.336  32.3914 32.4596 32.572
 32.6331 32.7086 32.783  32.8494 32.8994 32.9566 33.46   33.5249 33.6036
 33.6436 33.7073 33.7642 33.824  33.9364 33.9989 34.1732 34.2378 35.0647
 35.2014 35.281  35.5113 35.5506 35.6077 35.6766 35.759  35.8331 35.8778
 35.9545 36.0468 36.1115 36.176  36.2399 36.2997 36.6358 36.7052 36.778
 36.8204 36.9012 36.987  37.065  37.1357 37.1958 37.2636 37.368  37.4304
 37.5178 37.5712 37.6209 37.6823 38.0033 38.1141 38.1581 38.2587 38.3714
 38.4758 38.5573 38.6512 38.7228 38.9257]",0.9917732506688183
