0.05192601802452859,3.164746139631182,-61.405388566159715,91.3996081711308,53.05862361800592,-52.689041287250554,-43.62016618987195,0.6253421048255764,35.0,39.0,,,<dataset.dataset_QSNMC.QSNMCDataset object at 0x0000013B17F41EC8>,[0.        0.        0.        ... 2.0715878 2.290491  1.9974891],0.0001,"[1.18000e-02 5.05400e+00 5.22930e+00 5.40510e+00 5.58090e+00 5.75670e+00
 5.93250e+00 6.10830e+00 6.28410e+00 6.45990e+00 6.63570e+00 6.81150e+00
 6.98730e+00 9.01980e+00 9.07250e+00 9.12650e+00 9.18050e+00 9.23450e+00
 9.28850e+00 9.34250e+00 9.39660e+00 9.45050e+00 9.50460e+00 9.55880e+00
 9.61300e+00 9.66720e+00 9.72140e+00 9.77530e+00 9.82940e+00 9.88360e+00
 9.93780e+00 9.99200e+00 1.00462e+01 1.01001e+01 1.01542e+01 1.02084e+01
 1.02626e+01 1.03168e+01 1.03707e+01 1.04248e+01 1.04790e+01 1.05329e+01
 1.05870e+01 1.06412e+01 1.06951e+01 1.07492e+01 1.08034e+01 1.08576e+01
 1.09118e+01 1.09660e+01 1.30139e+01 1.30504e+01 1.30896e+01 1.31288e+01
 1.31680e+01 1.32070e+01 1.32462e+01 1.32852e+01 1.33244e+01 1.33636e+01
 1.34027e+01 1.34419e+01 1.34809e+01 1.35201e+01 1.35591e+01 1.35983e+01
 1.36373e+01 1.36765e+01 1.37155e+01 1.37547e+01 1.37937e+01 1.38329e+01
 1.38721e+01 1.39113e+01 1.39503e+01 1.39895e+01 1.40285e+01 1.40677e+01
 1.41067e+01 1.41459e+01 1.41852e+01 1.42242e+01 1.42634e+01 1.43024e+01
 1.43416e+01 1.43806e+01 1.44198e+01 1.44588e+01 1.44980e+01 1.45370e+01
 1.45762e+01 1.46155e+01 1.46545e+01 1.46937e+01 1.47327e+01 1.47719e+01
 1.48109e+01 1.48501e+01 1.48891e+01 1.49283e+01 1.49673e+01 1.75166e+01
 1.75828e+01 1.76600e+01 1.77333e+01 1.78027e+01 1.78643e+01 1.79283e+01
 1.89795e+01 1.90807e+01 1.91709e+01 1.92906e+01 1.94146e+01 1.97419e+01
 1.98081e+01 1.99055e+01 2.00145e+01 2.00838e+01 2.01501e+01 2.02591e+01
 2.03311e+01 2.03952e+01 2.04556e+01 2.05210e+01 2.05783e+01 2.06756e+01
 2.07409e+01 2.08283e+01 2.08987e+01 2.09605e+01 2.10551e+01 2.12455e+01
 2.13622e+01 2.14756e+01 2.15470e+01 2.16198e+01 2.16858e+01 2.17458e+01
 2.18020e+01 2.19205e+01 2.20038e+01 2.20953e+01 2.21702e+01 2.22452e+01
 2.23309e+01 2.23935e+01 2.24629e+01 2.25259e+01 2.25919e+01 2.26455e+01
 2.27178e+01 2.27786e+01 2.28496e+01 2.29172e+01 2.29822e+01 2.30446e+01
 2.31122e+01 2.31890e+01 2.32562e+01 2.33127e+01 2.33764e+01 2.34392e+01
 2.35058e+01 2.35661e+01 2.36566e+01 2.37459e+01 2.38048e+01 2.38798e+01
 2.39254e+01 2.39795e+01 2.40369e+01 2.41006e+01 2.41688e+01 2.42371e+01
 2.42904e+01 2.43638e+01 2.44197e+01 2.44808e+01 2.45414e+01 2.45987e+01
 2.46565e+01 2.47418e+01 2.48132e+01 2.48824e+01 2.49730e+01 2.50535e+01
 2.51191e+01 2.51837e+01 2.52483e+01 2.53003e+01 2.53685e+01 2.54368e+01
 2.62327e+01 2.62933e+01 2.63472e+01 2.64158e+01 2.64689e+01 2.65197e+01
 2.65710e+01 2.66297e+01 2.66912e+01 2.67421e+01 2.68106e+01 2.68668e+01
 2.69211e+01 2.69752e+01 2.70284e+01 2.76840e+01 2.77536e+01 2.78153e+01
 2.78753e+01 2.79336e+01 2.80108e+01 2.80956e+01 2.81530e+01 2.82214e+01
 2.82855e+01 2.83434e+01 2.83922e+01 2.84686e+01 2.88094e+01 2.93405e+01
 2.94629e+01 2.95428e+01 2.96294e+01 2.97878e+01 2.98725e+01 2.99828e+01
 3.08569e+01 3.17044e+01 3.18161e+01 3.19976e+01 3.20742e+01 3.21376e+01
 3.22055e+01 3.22670e+01 3.23464e+01 3.24045e+01 3.24687e+01 3.25365e+01
 3.26006e+01 3.26652e+01 3.27323e+01 3.28000e+01 3.28696e+01 3.29518e+01
 3.34695e+01 3.35437e+01 3.36170e+01 3.36583e+01 3.37169e+01 3.37737e+01
 3.38310e+01 3.39134e+01 3.39873e+01 3.41167e+01 3.41926e+01 3.50800e+01
 3.52167e+01 3.52901e+01 3.55236e+01 3.55720e+01 3.56337e+01 3.56905e+01
 3.57686e+01 3.58398e+01 3.59049e+01 3.59664e+01 3.60560e+01 3.61247e+01
 3.62249e+01 3.63080e+01 3.66463e+01 3.67175e+01 3.67985e+01 3.68689e+01
 3.69808e+01 3.70617e+01 3.71223e+01 3.72069e+01 3.72708e+01 3.73518e+01
 3.74196e+01 3.75076e+01 3.75749e+01 3.76300e+01 3.77005e+01 3.80159e+01
 3.81381e+01 3.82064e+01 3.82744e+01 3.83866e+01 3.84805e+01 3.85628e+01
 3.87342e+01]",0.9967215134486013
