0.3362776960746623,3.0451499002188336,-62.85212265175073,168.3665154111452,152.17591172231892,-50.80711381031153,-45.28504630634747,1.601609035042876,1.0791462450134246,0.05542299207095308,0.00042287507352445656,4.611511382795957e-05,35.0,39.0,,,<dataset.dataset_QSNMC.QSNMCDataset object at 0x000001F2F8F82B08>,[0.        0.        0.        ... 2.0715878 2.290491  1.9974891],0.0001,"[ 5.0885  5.1974  5.3063  5.4152  5.5241  5.633   5.7419  5.8508  5.9597
  6.0686  6.1775  6.2864  6.3953  6.5042  6.6131  6.722   6.8309  6.9398
  9.0368  9.0892  9.1416  9.194   9.2464  9.2988  9.3512  9.4036  9.456
  9.5084  9.5608  9.6132  9.6656  9.718   9.7704  9.8228  9.8752  9.9276
  9.98   10.0324 10.0848 10.1372 10.1896 10.242  10.2944 10.3468 10.3992
 10.4516 10.504  10.5564 10.6088 10.6612 10.7136 10.766  10.8184 10.8708
 10.9232 10.9756 13.0258 13.0648 13.1038 13.1428 13.1818 13.2208 13.2598
 13.2988 13.3378 13.3768 13.4158 13.4548 13.4938 13.5328 13.5718 13.6108
 13.6498 13.6888 13.7278 13.7668 13.8058 13.8448 13.8838 13.9228 13.9618
 14.0008 14.0398 14.0788 14.1178 14.1568 14.1958 14.2348 14.2738 14.3128
 14.3518 14.3908 14.4298 14.4688 14.5078 14.5468 14.5858 14.6248 14.6638
 14.7028 14.7418 14.7808 14.8198 14.8588 14.8978 14.9368 14.9758 17.5339
 17.5957 17.6738 17.7423 17.8087 17.8724 17.9369 18.2144 18.9394 19.0392
 19.1251 19.21   19.3184 19.4289 19.6449 19.7553 19.8228 19.9117 20.0102
 20.083  20.1515 20.2653 20.3275 20.3868 20.4435 20.4993 20.5534 20.6715
 20.7325 20.8215 20.9048 20.9659 21.0522 21.1505 21.2581 21.3685 21.4866
 21.5567 21.628  21.6918 21.7478 21.8068 21.9125 22.0076 22.1217 22.202
 22.3041 22.3588 22.4419 22.504  22.5557 22.6175 22.6666 22.7375 22.8018
 22.8666 22.9315 22.9971 23.0594 23.1246 23.1954 23.267  23.3249 23.386
 23.4464 23.5178 23.5797 23.6613 23.7365 23.8038 23.8774 23.9229 23.9757
 24.0358 24.1043 24.1721 24.2364 24.2883 24.3628 24.4246 24.4909 24.5512
 24.6064 24.6628 24.7506 24.8248 24.8989 24.9825 25.0637 25.1318 25.1952
 25.2579 25.3134 25.3838 25.4496 26.2462 26.3051 26.3569 26.4192 26.472
 26.5237 26.5784 26.6356 26.6964 26.7471 26.8179 26.8724 26.9296 26.9826
 27.0348 27.7033 27.7758 27.8462 27.9082 27.9694 28.0398 28.1172 28.1698
 28.2321 28.296  28.3542 28.4043 28.4724 28.5933 28.7443 28.8285 29.3754
 29.4738 29.5557 29.6364 29.7862 29.8913 30.0015 30.8864 31.0597 31.2624
 31.7493 31.8364 32.0082 32.0835 32.1459 32.2167 32.2778 32.3574 32.4154
 32.4811 32.5484 32.6127 32.676  32.7471 32.8181 32.8893 32.9724 33.4831
 33.5563 33.6267 33.6705 33.7282 33.7859 33.8411 33.924  33.9993 34.1098
 34.2009 35.0999 35.2202 35.2973 35.3979 35.5214 35.5752 35.6323 35.6956
 35.7718 35.847  35.9134 35.9747 36.0611 36.1257 36.2087 36.2777 36.3311
 36.6594 36.7307 36.8208 36.8851 36.9844 37.0557 37.1139 37.1806 37.2386
 37.3044 37.3822 37.4434 37.5206 37.5836 37.6389 37.7134 38.0299 38.1434
 38.2113 38.2861 38.3983 38.4861 38.5666 38.6872 38.7487]",0.9958783663826972
