0.18915579852491565,0.284479059004151,-28.719589815345103,-2.799617731589153,0.04,5,140,30.0,39.0,,,<dataset.dataset_QSNMC.QSNMCDataset object at 0x000001C21CDAA948>,[  0.        0.        0.      ... 207.15878 229.0491  199.74891],0.0001,"[ 5.1856  5.3118  5.4374  5.5624  5.6869  5.8108  5.9342  6.057   6.1794
  6.3013  6.4227  6.5436  6.6642  6.7842  6.9038  7.0645  7.4069  7.7504
  8.095   8.4407  8.7873  9.0259  9.0997  9.1731  9.2464  9.3195  9.3924
  9.4652  9.5378  9.6102  9.6824  9.7545  9.8264  9.8981  9.9697 10.0412
 10.1125 10.1836 10.2546 10.3254 10.3961 10.4667 10.5371 10.6073 10.6774
 10.7474 10.8173 10.887  10.9566 11.1084 11.3705 11.6353 11.9025 12.1724
 12.4449 12.7198 12.9974 13.0513 13.1029 13.1546 13.2061 13.2576 13.309
 13.3602 13.4114 13.4625 13.5136 13.5645 13.6154 13.6661 13.7169 13.7676
 13.8181 13.8686 13.919  13.9694 14.0197 14.0698 14.12   14.17   14.22
 14.27   14.3198 14.3696 14.4194 14.469  14.5186 14.5682 14.6176 14.667
 14.7163 14.7656 14.8149 14.8641 14.9131 14.9622 15.0492 15.2585 15.4703
 15.688  15.9097 16.1188 16.3297 16.331  16.5615 16.5617 16.7891 17.0237
 17.2367 17.4607 17.5594 17.6476 17.7306 17.8084 17.8915 17.9838 18.1258
 18.2529 18.3911 18.5321 18.6583 18.8043 18.9192 19.0247 19.1279 19.2287
 19.3392 19.4453 19.5646 19.6819 19.7817 19.8771 19.9732 20.0652 20.1515
 20.2506 20.3221 20.3972 20.4695 20.5415 20.634  20.7183 20.8056 20.8969
 20.9739 21.0655 21.1677 21.2754 21.3811 21.4814 21.5677 21.6488 21.7183
 21.7944 21.8888 21.9854 22.0866 22.1736 22.269  22.3514 22.4338 22.5127
 22.5831 22.651  22.7299 22.8141 22.892  22.9669 23.0464 23.126  23.2105
 23.2912 23.3639 23.4371 23.5193 23.5979 23.686  23.7711 23.8502 23.9163
 23.9809 24.0534 24.133  24.207  24.2752 24.3572 24.4286 24.505  24.5747
 24.6443 24.7248 24.8109 24.8972 24.9856 25.0705 25.1559 25.231  25.2992
 25.3825 25.4596 25.6096 25.7585 25.908  26.0707 26.2283 26.2968 26.3648
 26.4374 26.5042 26.5735 26.642  26.7118 26.7802 26.8529 26.921  26.987
 27.1094 27.2841 27.4573 27.6316 27.7243 27.8028 27.8812 27.9561 28.0388
 28.1256 28.1971 28.269  28.342  28.4051 28.4816 28.5784 28.6857 28.7855
 28.8842 29.0089 29.1421 29.2704 29.3749 29.4698 29.5644 29.6494 29.758
 29.8555 29.9543 30.0794 30.2123 30.3291 30.4749 30.6222 30.7824 30.895
 31.0031 31.1118 31.2245 31.4036 31.5736 31.7056 31.811  31.9205 32.0251
 32.1068 32.1893 32.2654 32.3531 32.4343 32.512  32.5949 32.6743 32.7588
 32.8457 32.9274 33.1017 33.2768 33.4568 33.5274 33.6091 33.6719 33.7455
 33.8188 33.9032 33.99   34.0884 34.1888 34.3268 34.5181 34.6858 34.8279
 34.9973 35.1057 35.2101 35.2952 35.3908 35.4989 35.5756 35.6507 35.7303
 35.8197 35.8998 35.9768 36.0641 36.1404 36.2295 36.3109 36.4407 36.5657
 36.6675 36.7543 36.8421 36.9238 37.0067 37.0876 37.1627 37.2402 37.3231
 37.4061 37.4833 37.5618 37.6312 37.7514 37.897  38.0173 38.117  38.1966
 38.281  38.3802 38.4713 38.5603 38.656  38.7413 38.853  38.975 ]",0.9566069774402107
